function mpc = case118_CAPER_PeakLoad
%CASE118    Power flow data for IEEE 118 bus test case.
%   Please see CASEFORMAT for details on the case file format.
%   This data was converted from IEEE Common Data Format
%   (ieee118cdf.txt) on 15-Oct-2014 by cdf2matp, rev. 2393
%   See end of file for warnings generated during conversion.
%
%   Converted from IEEE CDF file from:
%       https://labs.ece.uw.edu/pstca/
%   With baseKV data take from the PSAP format file from the same site,
%   added manually on 10-Mar-2006.
%   Branches 86--87, 68--116 changed from transmission lines (tap ratio = 0)
%   to transformers (tap ratio = 1) for consistency with bus base voltages
%   on 2019-02-15.
% 
%   08/25/93 UW ARCHIVE           100.0  1961 W IEEE 118 Bus Test Case
%
%   Ratings from al-roomi.org, modifed by Andrew Clarke based on contingency analysis results.
%
%   MATPOWER

%% MATPOWER Case Format : Version 2
mpc.version = '2';

%%-----  Power Flow Data  -----%%
%% system MVA base
mpc.baseMVA = 100;

%% bus data
%	bus_i	type	Pd	Qd	Gs	Bs	area	Vm	Va	baseKV	zone	Vmax	Vmin
mpc.bus = [
	1	2	102	27	0	0	1	0.955	10.67	138	1	1.06	0.94;	%'Riversde  V2'
	2	1	40	9	0	0	1	0.971	11.22	138	1	1.06	0.94;   %'Pokagon   V2'
	3	1	78	10	0	0	1	0.968	11.56	138	1	1.06	0.94;   %'HickryCk  V2'
	4	2	78	12	0	0	1	0.998	15.28	138	1	1.06	0.94;   %'NwCarlsl  V2'
	5	1	0	0	0	-40	1	1.002	15.73	138	1	1.06	0.94;   %'Olive     V2'
	6	2	104	22	0	0	1	0.99	13	138	1	1.06	0.94;       %'Kankakee  V2'
	7	1	38	2	0	0	1	0.989	12.56	138	1	1.06	0.94;   %'JacksnRd  V2'
	8	2	56	0	0	0	1	1.015	20.77	345	1	1.06	0.94;   %'Olive     V1'
	9	1	0	0	0	0	1	1.043	28.02	345	1	1.06	0.94;   %'Bequine   V1'
	10	2	0	0	0	0	1	1.05	35.61	345	1	1.06	0.94;   %'Breed     V1'
	11	1	140	23	0	0	1	0.985	12.72	138	1	1.06	0.94;   %'SouthBnd  V2'
	12	2	94	10	0	0	1	0.99	12.2	138	1	1.06	0.94;   %'TwinBrch  V2'
	13	1	68	16	0	0	1	0.968	11.35	138	1	1.06	0.94;   %'Concord   V2'
	14	1	28	1	0	0	1	0.984	11.5	138	1	1.06	0.94;   %'GoshenJt  V2'
	15	2	180	30	0	0	1	0.97	11.23	138	1	1.06	0.94;   %'FtWayne   V2'
	16	1	50	10	0	0	1	0.984	11.91	138	1	1.06	0.94;   %'N. E.     V2'
	17	1	22	3	0	0	1	0.995	13.74	138	1	1.06	0.94;   %'Sorenson  V2'
	18	2	120	34	0	0	1	0.973	11.53	138	1	1.06	0.94;   %'McKinley  V2'
	19	2	90	25	0	0	1	0.963	11.05	138	1	1.06	0.94;   %'Lincoln   V2'
	20	1	36	3	0	0	1	0.958	11.93	138	1	1.06	0.94;   %'Adams     V2'
	21	1	28	8	0	0	1	0.959	13.52	138	1	1.06	0.94;   %'Jay       V2'
	22	1	20	5	0	0	1	0.97	16.08	138	1	1.06	0.94;   %'Randolph  V2'
	23	1	14	3	0	0	1	1	21	138	1	1.06	0.94;           %'CollCrnr  V2'
	24	2	26	0	0	0	1	0.992	20.89	138	1	1.06	0.94;   %'Trenton   V2'
	25	2	0	0	0	0	1	1.05	27.93	138	1	1.06	0.94;   %'TannrsCk  V2'
	26	2	0	0	0	0	1	1.015	29.71	345	1	1.06	0.94;   %'TannrsCk  V1'
	27	2	142	13	0	0	1	0.968	15.35	138	1	1.06	0.94;   %'Madison   V2'
	28	1	34	7	0	0	1	0.962	13.62	138	1	1.06	0.94;   %'Mullin    V2'
	29	1	48	4	0	0	1	0.963	12.63	138	1	1.06	0.94;   %'Grant     V2'
	30	1	0	0	0	0	1	0.968	18.79	345	1	1.06	0.94;   %'Sorenson  V1'
	31	2	86	27	0	0	1	0.967	12.75	138	1	1.06	0.94;   %'DeerCrk   V2'
	32	2	118	23	0	0	1	0.964	14.8	138	1	1.06	0.94;   %'Delaware  V2'
	33	1	46	9	0	0	1	0.972	10.63	138	1	1.06	0.94;   %'Haviland  V2'
	34	2	118	26	0	14	1	0.986	11.3	138	1	1.06	0.94;   %'Rockhill  V2'
	35	1	66	9	0	0	1	0.981	10.87	138	1	1.06	0.94;   %'WestLima  V2'
	36	2	62	17	0	0	1	0.98	10.87	138	1	1.06	0.94;   %'Sterling  V2'
	37	1	0	0	0	-25	1	0.992	11.77	138	1	1.06	0.94;   %'EastLima  V2'
	38	1	0	0	0	0	1	0.962	16.91	345	1	1.06	0.94;   %'EastLima  V1'
	39	1	54	11	0	0	1	0.97	8.41	138	1	1.06	0.94;   %'NwLibrty  V2'
	40	2	132	23	0	0	1	0.97	7.35	138	1	1.06	0.94;   %'West End  V2'
	41	1	74	10	0	0	1	0.967	6.92	138	1	1.06	0.94;   %'S.Tiffin  V2'
	42	2	192	23	0	0	1	0.985	8.53	138	1	1.06	0.94;   %'Howard    V2'
	43	1	36	7	0	0	1	0.978	11.28	138	1	1.06	0.94;   %'S.Kenton  V2'
	44	1	32	8	0	10	1	0.985	13.82	138	1	1.06	0.94;   %'WMVernon  V2'
	45	1	106	22	0	10	1	0.987	15.67	138	1	1.06	0.94;   %'N.Newark  V2'
	46	2	56	10	0	10	1	1.005	18.49	138	1	1.06	0.94;   %'W.Lancst  V2'
	47	1	68	0	0	0	1	1.017	20.73	138	1	1.06	0.94;   %'Crooksvl  V2'
	48	1	40	11	0	15	1	1.021	19.93	138	1	1.06	0.94;   %'Zanesvll  V2'
	49	2	174	30	0	0	1	1.025	20.94	138	1	1.06	0.94;   %'Philo     V2'
	50	1	34	4	0	0	1	1.001	18.9	138	1	1.06	0.94;   %'WCambrdg  V2'
	51	1	34	8	0	0	1	0.967	16.28	138	1	1.06	0.94;   %'Newcmrst  V2'
	52	1	36	5	0	0	1	0.957	15.32	138	1	1.06	0.94;   %'SCoshoct  V2'
	53	1	46	11	0	0	1	0.946	14.35	138	1	1.06	0.94;   %'Wooster   V2'
	54	2	226	32	0	0	1	0.955	15.26	138	1	1.06	0.94;   %'Torrey    V2'
	55	2	126	22	0	0	1	0.952	14.97	138	1	1.06	0.94;   %'Wagenhls  V2'
	56	2	168	18	0	0	1	0.954	15.16	138	1	1.06	0.94;   %'Sunnysde  V2'
	57	1	24	3	0	0	1	0.971	16.36	138	1	1.06	0.94;   %'WNwPhil1  V2'
	58	1	24	3	0	0	1	0.959	15.51	138	1	1.06	0.94;   %'WNwPhil2  V2'
	59	2	554	113	0	0	1	0.985	19.37	138	1	1.06	0.94;   %'Tidd      V2'
	60	1	158	3	0	0	1	0.993	23.15	138	1	1.06	0.94;   %'SWKammer  V2'
	61	2	0	0	0	0	1	0.995	24.04	138	1	1.06	0.94;   %'W.Kammer  V2'
	62	2	154	14	0	0	1	0.998	23.43	138	1	1.06	0.94;   %'Natrium   V2'
	63	1	0	0	0	0	1	0.969	22.75	345	1	1.06	0.94;   %'Tidd      V1'
	64	1	0	0	0	0	1	0.984	24.52	345	1	1.06	0.94;   %'Kammer    V1'
	65	2	0	0	0	0	1	1.005	27.65	345	1	1.06	0.94;   %'Muskngum  V1'
	66	2	78	18	0	0	1	1.05	27.48	138	1	1.06	0.94;   %'Muskngum  V2'
	67	1	56	7	0	0	1	1.02	24.84	138	1	1.06	0.94;   %'Summerfl  V2'
	68	1	0	0	0	0	1	1.003	27.55	345	1	1.06	0.94;   %'Sporn     V1'
	69	3	0	0	0	0	1	1.035	30	138	1	1.06	0.94;       %'Sporn     V2'
	70	2	132	20	0	0	1	0.984	22.58	138	1	1.06	0.94;   %'Portsmth  V2'
	71	1	0	0	0	0	1	0.987	22.15	138	1	1.06	0.94;   %'NPortsmt  V2'
	72	2	24	0	0	0	1	0.98	20.98	138	1	1.06	0.94;   %'Hillsbro  V2'
	73	2	12	0	0	0	1	0.991	21.94	138	1	1.06	0.94;   %'Sargents  V2'
	74	2	136	27	0	12	1	0.958	21.64	138	1	1.06	0.94;   %'Bellefnt  V2'
	75	1	94	11	0	0	1	0.967	22.91	138	1	1.06	0.94;   %'SthPoint  V2'
	76	2	136	36	0	0	1	0.943	21.77	138	1	1.06	0.94;   %'Darrah    V2'
	77	2	122	28	0	0	1	1.006	26.72	138	1	1.06	0.94;   %'Turner    V2'
	78	1	142	26	0	0	1	1.003	26.42	138	1	1.06	0.94;   %'Chemical  V2'
	79	1	78	32	0	20	1	1.009	26.72	138	1	1.06	0.94;   %'CapitlHl  V2'
	80	2	260	26	0	0	1	1.04	28.96	138	1	1.06	0.94;   %'CabinCrk  V2'
	81	1	0	0	0	0	1	0.997	28.1	345	1	1.06	0.94;   %'Kanawha   V1'
	82	1	108	27	0	20	1	0.989	27.24	138	1	1.06	0.94;   %'Logan     V2'
	83	1	40	10	0	10	1	0.985	28.42	138	1	1.06	0.94;   %'Sprigg    V2'
	84	1	22	7	0	0	1	0.98	30.95	138	1	1.06	0.94;   %'BetsyLne  V2'
	85	2	48	15	0	0	1	0.985	32.51	138	1	1.06	0.94;   %'BeaverCk  V2'
	86	1	42	10	0	0	1	0.987	31.14	138	1	1.06	0.94;   %'Hazard    V2'
	87	2	0	0	0	0	1	1.015	31.4	161	1	1.06	0.94;   %'Pinevlle  V3'
	88	1	96	10	0	0	1	0.987	35.64	138	1	1.06	0.94;   %'Fremont   V2'
	89	2	0	0	0	0	1	1.005	39.69	138	1	1.06	0.94;   %'ClinchRv  V2'
	90	2	326	42	0	0	1	0.985	33.29	138	1	1.06	0.94;   %'Holston   V2'
	91	2	20	0	0	0	1	0.98	33.31	138	1	1.06	0.94;   %'HolstonT  V2'
	92	2	130	10	0	0	1	0.993	33.8	138	1	1.06	0.94;   %'Saltvlle  V2'
	93	1	24	7	0	0	1	0.987	30.79	138	1	1.06	0.94;   %'Tazewell  V2'
	94	1	60	16	0	0	1	0.991	28.64	138	1	1.06	0.94;   %'Switchbk  V2'
	95	1	84	31	0	0	1	0.981	27.67	138	1	1.06	0.94;   %'Caldwell  V2'
	96	1	76	15	0	0	1	0.993	27.51	138	1	1.06	0.94;   %'Baileysv  V2'
	97	1	30	9	0	0	1	1.011	27.88	138	1	1.06	0.94;   %'Sundial   V2'
	98	1	68	8	0	0	1	1.024	27.4	138	1	1.06	0.94;   %'Bradley   V2'
	99	2	84	0	0	0	1	1.01	27.04	138	1	1.06	0.94;   %'Hinton    V2'
	100	2	74	18	0	0	1	1.017	28.03	138	1	1.06	0.94;   %'Glen Lyn  V2'
	101	1	44	15	0	0	1	0.993	29.61	138	1	1.06	0.94;   %'Wythe     V2'
	102	1	10	3	0	0	1	0.991	32.3	138	1	1.06	0.94;   %'Smythe    V2'
	103	2	46	16	0	0	1	1.001	24.44	138	1	1.06	0.94;   %'Claytor   V2'
	104	2	76	25	0	0	1	0.971	21.69	138	1	1.06	0.94;   %'Hancock   V2'
	105	2	62	26	0	20	1	0.965	20.57	138	1	1.06	0.94;   %'Roanoke   V2'
	106	1	86	16	0	0	1	0.962	20.32	138	1	1.06	0.94;   %'Cloverdl  V2'
	107	2	100	12	0	6	1	0.952	17.53	138	1	1.06	0.94;   %'Reusens   V2'
